CM:  [[], [1], [1, 2, 3]]                                                                                                                                                                           V:  ([1], [1])
CM:  [[], [1, 2], [1, 2, 3]]                                                                                                                                                                  V:  ([1, 2], [1, 2])
CM:  [[], [1, 3], [1, 2, 3]]                                                                                                                                                                  V:  ([1, 3], [1, 3])
CM:  [[], [2], [1, 2, 3]]                                                                                                                                                                           V:  ([2], [2])
CM:  [[], [2, 3], [1, 2, 3]]                                                                                                                                                                  V:  ([2, 3], [2, 3])
CM:  [[], [3], [1, 2, 3]]                                                                                                                                                                           V:  ([3], [3])
CM:  [[], [1], [1, 2, 3, 4]]                                                                                                                                                                        V:  ([1], [1])
CM:  [[], [1, 2], [1, 2, 3, 4]]                                                                                                                                                               V:  ([1, 2], [1, 2])
CM:  [[], [1, 2, 3], [1, 2, 3, 4]]                                                                                                                                                      V:  ([1, 2, 3], [1, 2, 3])
CM:  [[], [1, 2, 4], [1, 2, 3, 4]]                                                                                                                                                      V:  ([1, 2, 4], [1, 2, 4])
CM:  [[], [1, 3], [1, 2, 3, 4]]                                                                                                                                                               V:  ([1, 3], [1, 3])
CM:  [[], [1, 3, 4], [1, 2, 3, 4]]                                                                                                                                                      V:  ([1, 3, 4], [1, 3, 4])
CM:  [[], [1, 4], [1, 2, 3, 4]]                                                                                                                                                               V:  ([1, 4], [1, 4])
CM:  [[], [2], [1, 2, 3, 4]]                                                                                                                                                                        V:  ([2], [2])
CM:  [[], [2, 3], [1, 2, 3, 4]]                                                                                                                                                               V:  ([2, 3], [2, 3])
CM:  [[], [2, 3, 4], [1, 2, 3, 4]]                                                                                                                                                      V:  ([2, 3, 4], [2, 3, 4])
CM:  [[], [2, 4], [1, 2, 3, 4]]                                                                                                                                                               V:  ([2, 4], [2, 4])
CM:  [[], [3], [1, 2, 3, 4]]                                                                                                                                                                        V:  ([3], [3])
CM:  [[], [3, 4], [1, 2, 3, 4]]                                                                                                                                                               V:  ([3, 4], [3, 4])
CM:  [[], [4], [1, 2, 3, 4]]                                                                                                                                                                        V:  ([4], [4])
CM:  [[], [1], [1, 2], [1, 2, 3]]                                                                                                                                                                   V:  ([1], [1])
CM:  [[], [1], [1, 3], [1, 2, 3]]                                                                                                                                                                   V:  ([1], [1])
CM:  [[], [2], [1, 2], [1, 2, 3]]                                                                                                                                                                   V:  ([2], [2])
CM:  [[], [2], [1, 3], [1, 2, 3]]                                                                                                                                                                   V:  ([2], [2])
CM:  [[], [1], [2, 3], [1, 2, 3]]                                                                                                                                                                   V:  ([1], [1])
CM:  [[], [2], [2, 3], [1, 2, 3]]                                                                                                                                                                   V:  ([2], [2])
CM:  [[], [3], [1, 2], [1, 2, 3]]                                                                                                                                                                   V:  ([3], [3])
CM:  [[], [3], [1, 3], [1, 2, 3]]                                                                                                                                                                   V:  ([3], [3])
CM:  [[], [3], [2, 3], [1, 2, 3]]                                                                                                                                                                   V:  ([3], [3])
CM:  [[], [1], [1, 2], [1, 2, 3, 4]]                                                                                                                                                                V:  ([1], [1])
CM:  [[], [1], [1, 2, 3], [1, 2, 3, 4]]                                                                                                                                                             V:  ([1], [1])
CM:  [[], [1, 2], [1, 2, 3], [1, 2, 3, 4]]                                                                                                                                                    V:  ([1, 2], [1, 2])
CM:  [[], [1], [1, 2, 4], [1, 2, 3, 4]]                                                                                                                                                             V:  ([1], [1])
CM:  [[], [1, 2], [1, 2, 4], [1, 2, 3, 4]]                                                                                                                                                    V:  ([1, 2], [1, 2])
CM:  [[], [1], [1, 3], [1, 2, 3, 4]]                                                                                                                                                                V:  ([1], [1])
CM:  [[], [1, 3], [1, 2, 3], [1, 2, 3, 4]]                                                                                                                                                    V:  ([1, 3], [1, 3])
CM:  [[], [1], [1, 3, 4], [1, 2, 3, 4]]                                                                                                                                                             V:  ([1], [1])
CM:  [[], [1, 3], [1, 3, 4], [1, 2, 3, 4]]                                                                                                                                                    V:  ([1, 3], [1, 3])
CM:  [[], [1], [1, 4], [1, 2, 3, 4]]                                                                                                                                                                V:  ([1], [1])
CM:  [[], [1, 4], [1, 2, 4], [1, 2, 3, 4]]                                                                                                                                                    V:  ([1, 4], [1, 4])
CM:  [[], [1, 4], [1, 3, 4], [1, 2, 3, 4]]                                                                                                                                                    V:  ([1, 4], [1, 4])
CM:  [[], [2], [1, 2], [1, 2, 3, 4]]                                                                                                                                                                V:  ([2], [2])
CM:  [[], [2], [1, 2, 3], [1, 2, 3, 4]]                                                                                                                                                             V:  ([2], [2])
CM:  [[], [2], [1, 2, 4], [1, 2, 3, 4]]                                                                                                                                                             V:  ([2], [2])
CM:  [[], [2], [1, 3, 4], [1, 2, 3, 4]]                                                                                                                                                             V:  ([2], [2])
CM:  [[], [2, 3], [1, 2, 3], [1, 2, 3, 4]]                                                                                                                                                    V:  ([2, 3], [2, 3])
CM:  [[], [1, 4], [2, 3], [1, 2, 3, 4]]                                                                                                                                                       V:  ([1, 4], [1, 4])
CM:  [[], [2], [2, 3], [1, 2, 3, 4]]                                                                                                                                                                V:  ([2], [2])
CM:  [[], [1], [2, 3, 4], [1, 2, 3, 4]]                                                                                                                                                             V:  ([1], [1])
CM:  [[], [2], [2, 3, 4], [1, 2, 3, 4]]                                                                                                                                                             V:  ([2], [2])
CM:  [[], [2, 3], [2, 3, 4], [1, 2, 3, 4]]                                                                                                                                                    V:  ([2, 3], [2, 3])
CM:  [[], [2, 4], [1, 2, 4], [1, 2, 3, 4]]                                                                                                                                                    V:  ([2, 4], [2, 4])
CM:  [[], [1, 3], [2, 4], [1, 2, 3, 4]]                                                                                                                                                       V:  ([1, 3], [1, 3])
CM:  [[], [2], [2, 4], [1, 2, 3, 4]]                                                                                                                                                                V:  ([2], [2])
CM:  [[], [2, 4], [2, 3, 4], [1, 2, 3, 4]]                                                                                                                                                    V:  ([2, 4], [2, 4])
CM:  [[], [3], [1, 2, 3], [1, 2, 3, 4]]                                                                                                                                                             V:  ([3], [3])
CM:  [[], [3], [1, 2, 4], [1, 2, 3, 4]]                                                                                                                                                             V:  ([3], [3])
CM:  [[], [3], [1, 3], [1, 2, 3, 4]]                                                                                                                                                                V:  ([3], [3])
CM:  [[], [3], [1, 3, 4], [1, 2, 3, 4]]                                                                                                                                                             V:  ([3], [3])
CM:  [[], [3], [2, 3], [1, 2, 3, 4]]                                                                                                                                                                V:  ([3], [3])
CM:  [[], [3], [2, 3, 4], [1, 2, 3, 4]]                                                                                                                                                             V:  ([3], [3])
CM:  [[], [1, 2], [3, 4], [1, 2, 3, 4]]                                                                                                                                                       V:  ([1, 2], [1, 2])
CM:  [[], [3, 4], [1, 3, 4], [1, 2, 3, 4]]                                                                                                                                                    V:  ([3, 4], [3, 4])
CM:  [[], [3, 4], [2, 3, 4], [1, 2, 3, 4]]                                                                                                                                                    V:  ([3, 4], [3, 4])
CM:  [[], [3], [3, 4], [1, 2, 3, 4]]                                                                                                                                                                V:  ([3], [3])
CM:  [[], [4], [1, 2, 3], [1, 2, 3, 4]]                                                                                                                                                             V:  ([4], [4])
CM:  [[], [4], [1, 2, 4], [1, 2, 3, 4]]                                                                                                                                                             V:  ([4], [4])
CM:  [[], [4], [1, 3, 4], [1, 2, 3, 4]]                                                                                                                                                             V:  ([4], [4])
CM:  [[], [4], [1, 4], [1, 2, 3, 4]]                                                                                                                                                                V:  ([4], [4])
CM:  [[], [4], [2, 3, 4], [1, 2, 3, 4]]                                                                                                                                                             V:  ([4], [4])
CM:  [[], [4], [2, 4], [1, 2, 3, 4]]                                                                                                                                                                V:  ([4], [4])
CM:  [[], [4], [3, 4], [1, 2, 3, 4]]                                                                                                                                                                V:  ([4], [4])
CM:  [[], [1], [1, 2], [1, 3], [1, 2, 3]]                                                                                                                                                           V:  ([1], [1])
CM:  [[], [1], [2], [1, 2], [1, 2, 3]]                                                                                                                                                              V:  ([1], [1])
CM:  [[], [2], [1, 2], [2, 3], [1, 2, 3]]                                                                                                                                                           V:  ([2], [2])
CM:  [[], [1], [3], [1, 3], [1, 2, 3]]                                                                                                                                                              V:  ([1], [1])
CM:  [[], [3], [1, 3], [2, 3], [1, 2, 3]]                                                                                                                                                           V:  ([3], [3])
CM:  [[], [2], [3], [2, 3], [1, 2, 3]]                                                                                                                                                              V:  ([2], [2])
CM:  [[], [1], [1, 2], [1, 2, 3], [1, 2, 3, 4]]                                                                                                                                                     V:  ([1], [1])
CM:  [[], [1], [1, 2], [1, 2, 4], [1, 2, 3, 4]]                                                                                                                                                     V:  ([1], [1])
CM:  [[], [1, 2], [1, 2, 3], [1, 2, 4], [1, 2, 3, 4]]                                                                                                                                         V:  ([1, 2], [1, 2])
CM:  [[], [1], [1, 3], [1, 2, 3], [1, 2, 3, 4]]                                                                                                                                                     V:  ([1], [1])
CM:  [[], [1], [1, 3], [1, 2, 4], [1, 2, 3, 4]]                                                                                                                                                     V:  ([1], [1])
CM:  [[], [1], [1, 2], [1, 3, 4], [1, 2, 3, 4]]                                                                                                                                                     V:  ([1], [1])
CM:  [[], [1], [1, 3], [1, 3, 4], [1, 2, 3, 4]]                                                                                                                                                     V:  ([1], [1])
CM:  [[], [1, 3], [1, 2, 3], [1, 3, 4], [1, 2, 3, 4]]                                                                                                                                         V:  ([1, 3], [1, 3])
CM:  [[], [1], [1, 4], [1, 2, 3], [1, 2, 3, 4]]                                                                                                                                                     V:  ([1], [1])
CM:  [[], [1], [1, 4], [1, 2, 4], [1, 2, 3, 4]]                                                                                                                                                     V:  ([1], [1])
CM:  [[], [1], [1, 4], [1, 3, 4], [1, 2, 3, 4]]                                                                                                                                                     V:  ([1], [1])
CM:  [[], [1, 4], [1, 2, 4], [1, 3, 4], [1, 2, 3, 4]]                                                                                                                                         V:  ([1, 4], [1, 4])
CM:  [[], [1], [2], [1, 2], [1, 2, 3, 4]]                                                                                                                                                           V:  ([1], [1])
CM:  [[], [2], [1, 2], [1, 2, 3], [1, 2, 3, 4]]                                                                                                                                                     V:  ([2], [2])
CM:  [[], [2], [1, 2], [1, 2, 4], [1, 2, 3, 4]]                                                                                                                                                     V:  ([2], [2])
CM:  [[], [2], [1, 3], [1, 2, 3], [1, 2, 3, 4]]                                                                                                                                                     V:  ([2], [2])
CM:  [[], [2], [1, 4], [1, 2, 4], [1, 2, 3, 4]]                                                                                                                                                     V:  ([2], [2])
CM:  [[], [1], [2, 3], [1, 2, 3], [1, 2, 3, 4]]                                                                                                                                                     V:  ([1], [1])
CM:  [[], [2], [2, 3], [1, 2, 3], [1, 2, 3, 4]]                                                                                                                                                     V:  ([2], [2])
CM:  [[], [2], [2, 3], [1, 2, 4], [1, 2, 3, 4]]                                                                                                                                                     V:  ([2], [2])
CM:  [[], [2], [1, 2], [2, 3, 4], [1, 2, 3, 4]]                                                                                                                                                     V:  ([2], [2])
CM:  [[], [2, 3], [1, 2, 3], [2, 3, 4], [1, 2, 3, 4]]                                                                                                                                         V:  ([2, 3], [2, 3])
CM:  [[], [2], [2, 3], [2, 3, 4], [1, 2, 3, 4]]                                                                                                                                                     V:  ([2], [2])
CM:  [[], [1], [2, 4], [1, 2, 4], [1, 2, 3, 4]]                                                                                                                                                     V:  ([1], [1])
CM:  [[], [2], [2, 4], [1, 2, 3], [1, 2, 3, 4]]                                                                                                                                                     V:  ([2], [2])
CM:  [[], [2], [2, 4], [1, 2, 4], [1, 2, 3, 4]]                                                                                                                                                     V:  ([2], [2])
CM:  [[], [2, 4], [1, 2, 4], [2, 3, 4], [1, 2, 3, 4]]                                                                                                                                         V:  ([2, 4], [2, 4])
CM:  [[], [2], [2, 4], [2, 3, 4], [1, 2, 3, 4]]                                                                                                                                                     V:  ([2], [2])
CM:  [[], [3], [1, 2], [1, 2, 3], [1, 2, 3, 4]]                                                                                                                                                     V:  ([3], [3])
CM:  [[], [1], [3], [1, 3], [1, 2, 3, 4]]                                                                                                                                                           V:  ([1], [1])
CM:  [[], [3], [1, 3], [1, 2, 3], [1, 2, 3, 4]]                                                                                                                                                     V:  ([3], [3])
CM:  [[], [3], [1, 3], [1, 3, 4], [1, 2, 3, 4]]                                                                                                                                                     V:  ([3], [3])
CM:  [[], [3], [1, 4], [1, 3, 4], [1, 2, 3, 4]]                                                                                                                                                     V:  ([3], [3])
CM:  [[], [3], [2, 3], [1, 2, 3], [1, 2, 3, 4]]                                                                                                                                                     V:  ([3], [3])
CM:  [[], [3], [2, 3], [1, 3, 4], [1, 2, 3, 4]]                                                                                                                                                     V:  ([3], [3])
CM:  [[], [2], [3], [2, 3], [1, 2, 3, 4]]                                                                                                                                                           V:  ([2], [2])
CM:  [[], [3], [1, 3], [2, 3, 4], [1, 2, 3, 4]]                                                                                                                                                     V:  ([3], [3])
CM:  [[], [3], [2, 3], [2, 3, 4], [1, 2, 3, 4]]                                                                                                                                                     V:  ([3], [3])
CM:  [[], [3], [2, 4], [2, 3, 4], [1, 2, 3, 4]]                                                                                                                                                     V:  ([3], [3])
CM:  [[], [1], [3, 4], [1, 3, 4], [1, 2, 3, 4]]                                                                                                                                                     V:  ([1], [1])
CM:  [[], [3, 4], [1, 3, 4], [2, 3, 4], [1, 2, 3, 4]]                                                                                                                                         V:  ([3, 4], [3, 4])
CM:  [[], [2], [3, 4], [2, 3, 4], [1, 2, 3, 4]]                                                                                                                                                     V:  ([2], [2])
CM:  [[], [3], [3, 4], [1, 2, 3], [1, 2, 3, 4]]                                                                                                                                                     V:  ([3], [3])
CM:  [[], [3], [3, 4], [1, 3, 4], [1, 2, 3, 4]]                                                                                                                                                     V:  ([3], [3])
CM:  [[], [3], [3, 4], [2, 3, 4], [1, 2, 3, 4]]                                                                                                                                                     V:  ([3], [3])
CM:  [[], [4], [1, 2], [1, 2, 4], [1, 2, 3, 4]]                                                                                                                                                     V:  ([4], [4])
CM:  [[], [4], [1, 3], [1, 3, 4], [1, 2, 3, 4]]                                                                                                                                                     V:  ([4], [4])
CM:  [[], [1], [4], [1, 4], [1, 2, 3, 4]]                                                                                                                                                           V:  ([1], [1])
CM:  [[], [4], [1, 4], [1, 2, 4], [1, 2, 3, 4]]                                                                                                                                                     V:  ([4], [4])
CM:  [[], [4], [1, 4], [1, 3, 4], [1, 2, 3, 4]]                                                                                                                                                     V:  ([4], [4])
CM:  [[], [4], [1, 4], [2, 3, 4], [1, 2, 3, 4]]                                                                                                                                                     V:  ([4], [4])
CM:  [[], [4], [2, 3], [2, 3, 4], [1, 2, 3, 4]]                                                                                                                                                     V:  ([4], [4])
CM:  [[], [4], [2, 4], [1, 2, 4], [1, 2, 3, 4]]                                                                                                                                                     V:  ([4], [4])
CM:  [[], [4], [2, 4], [1, 3, 4], [1, 2, 3, 4]]                                                                                                                                                     V:  ([4], [4])
CM:  [[], [2], [4], [2, 4], [1, 2, 3, 4]]                                                                                                                                                           V:  ([2], [2])
CM:  [[], [4], [2, 4], [2, 3, 4], [1, 2, 3, 4]]                                                                                                                                                     V:  ([4], [4])
CM:  [[], [4], [3, 4], [1, 2, 4], [1, 2, 3, 4]]                                                                                                                                                     V:  ([4], [4])
CM:  [[], [4], [3, 4], [1, 3, 4], [1, 2, 3, 4]]                                                                                                                                                     V:  ([4], [4])
CM:  [[], [4], [3, 4], [2, 3, 4], [1, 2, 3, 4]]                                                                                                                                                     V:  ([4], [4])
CM:  [[], [3], [4], [3, 4], [1, 2, 3, 4]]                                                                                                                                                           V:  ([3], [3])
CM:  [[], [1], [2], [1, 2], [1, 3], [1, 2, 3]]                                                                                                                                                      V:  ([1], [1])
CM:  [[], [1], [2], [1, 2], [2, 3], [1, 2, 3]]                                                                                                                                                      V:  ([1], [1])
CM:  [[], [1], [3], [1, 2], [1, 3], [1, 2, 3]]                                                                                                                                                      V:  ([1], [1])
CM:  [[], [1], [3], [1, 3], [2, 3], [1, 2, 3]]                                                                                                                                                      V:  ([1], [1])
CM:  [[], [2], [3], [1, 2], [2, 3], [1, 2, 3]]                                                                                                                                                      V:  ([2], [2])
CM:  [[], [2], [3], [1, 3], [2, 3], [1, 2, 3]]                                                                                                                                                      V:  ([2], [2])
CM:  [[], [1], [1, 2], [1, 2, 3], [1, 2, 4], [1, 2, 3, 4]]                                                                                                                                          V:  ([1], [1])
CM:  [[], [1], [1, 2], [1, 3], [1, 2, 3], [1, 2, 3, 4]]                                                                                                                                             V:  ([1], [1])
CM:  [[], [1], [1, 3], [1, 2, 3], [1, 3, 4], [1, 2, 3, 4]]                                                                                                                                          V:  ([1], [1])
CM:  [[], [1], [1, 2], [1, 4], [1, 2, 4], [1, 2, 3, 4]]                                                                                                                                             V:  ([1], [1])
CM:  [[], [1], [1, 4], [1, 2, 4], [1, 3, 4], [1, 2, 3, 4]]                                                                                                                                          V:  ([1], [1])
CM:  [[], [1], [1, 3], [1, 4], [1, 3, 4], [1, 2, 3, 4]]                                                                                                                                             V:  ([1], [1])
CM:  [[], [1], [2], [1, 2], [1, 2, 3], [1, 2, 3, 4]]                                                                                                                                                V:  ([1], [1])
CM:  [[], [1], [2], [1, 2], [1, 2, 4], [1, 2, 3, 4]]                                                                                                                                                V:  ([1], [1])
CM:  [[], [2], [1, 2], [1, 2, 3], [1, 2, 4], [1, 2, 3, 4]]                                                                                                                                          V:  ([2], [2])
CM:  [[], [1], [2], [1, 2], [1, 3, 4], [1, 2, 3, 4]]                                                                                                                                                V:  ([1], [1])
CM:  [[], [2], [1, 3], [1, 2, 3], [1, 3, 4], [1, 2, 3, 4]]                                                                                                                                          V:  ([2], [2])
CM:  [[], [2], [1, 4], [1, 2, 4], [1, 3, 4], [1, 2, 3, 4]]                                                                                                                                          V:  ([2], [2])
CM:  [[], [1], [1, 4], [2, 3], [1, 2, 3], [1, 2, 3, 4]]                                                                                                                                             V:  ([1], [1])
CM:  [[], [2], [1, 2], [2, 3], [1, 2, 3], [1, 2, 3, 4]]                                                                                                                                             V:  ([2], [2])
CM:  [[], [2], [1, 4], [2, 3], [1, 2, 4], [1, 2, 3, 4]]                                                                                                                                             V:  ([2], [2])
CM:  [[], [1], [2], [1, 2], [2, 3, 4], [1, 2, 3, 4]]                                                                                                                                                V:  ([1], [1])
CM:  [[], [1], [2, 3], [1, 2, 3], [2, 3, 4], [1, 2, 3, 4]]                                                                                                                                          V:  ([1], [1])
CM:  [[], [2], [2, 3], [1, 2, 3], [2, 3, 4], [1, 2, 3, 4]]                                                                                                                                          V:  ([2], [2])
CM:  [[], [1], [1, 3], [2, 4], [1, 2, 4], [1, 2, 3, 4]]                                                                                                                                             V:  ([1], [1])
CM:  [[], [2], [1, 2], [2, 4], [1, 2, 4], [1, 2, 3, 4]]                                                                                                                                             V:  ([2], [2])
CM:  [[], [2], [1, 3], [2, 4], [1, 2, 3], [1, 2, 3, 4]]                                                                                                                                             V:  ([2], [2])
CM:  [[], [1], [2, 4], [1, 2, 4], [2, 3, 4], [1, 2, 3, 4]]                                                                                                                                          V:  ([1], [1])
CM:  [[], [2], [2, 4], [1, 2, 4], [2, 3, 4], [1, 2, 3, 4]]                                                                                                                                          V:  ([2], [2])
CM:  [[], [2], [2, 3], [2, 4], [2, 3, 4], [1, 2, 3, 4]]                                                                                                                                             V:  ([2], [2])
CM:  [[], [3], [1, 2], [1, 2, 3], [1, 2, 4], [1, 2, 3, 4]]                                                                                                                                          V:  ([3], [3])
CM:  [[], [1], [3], [1, 3], [1, 2, 3], [1, 2, 3, 4]]                                                                                                                                                V:  ([1], [1])
CM:  [[], [1], [3], [1, 3], [1, 2, 4], [1, 2, 3, 4]]                                                                                                                                                V:  ([1], [1])
CM:  [[], [1], [3], [1, 3], [1, 3, 4], [1, 2, 3, 4]]                                                                                                                                                V:  ([1], [1])
CM:  [[], [3], [1, 3], [1, 2, 3], [1, 3, 4], [1, 2, 3, 4]]                                                                                                                                          V:  ([3], [3])
CM:  [[], [3], [1, 4], [1, 2, 4], [1, 3, 4], [1, 2, 3, 4]]                                                                                                                                          V:  ([3], [3])
CM:  [[], [3], [1, 3], [2, 3], [1, 2, 3], [1, 2, 3, 4]]                                                                                                                                             V:  ([3], [3])
CM:  [[], [3], [1, 4], [2, 3], [1, 3, 4], [1, 2, 3, 4]]                                                                                                                                             V:  ([3], [3])
CM:  [[], [2], [3], [2, 3], [1, 2, 3], [1, 2, 3, 4]]                                                                                                                                                V:  ([2], [2])
CM:  [[], [2], [3], [2, 3], [1, 2, 4], [1, 2, 3, 4]]                                                                                                                                                V:  ([2], [2])
CM:  [[], [2], [3], [2, 3], [1, 3, 4], [1, 2, 3, 4]]                                                                                                                                                V:  ([2], [2])
CM:  [[], [1], [3], [1, 3], [2, 3, 4], [1, 2, 3, 4]]                                                                                                                                                V:  ([1], [1])
CM:  [[], [3], [2, 3], [1, 2, 3], [2, 3, 4], [1, 2, 3, 4]]                                                                                                                                          V:  ([3], [3])
CM:  [[], [2], [3], [2, 3], [2, 3, 4], [1, 2, 3, 4]]                                                                                                                                                V:  ([2], [2])
CM:  [[], [3], [2, 4], [1, 2, 4], [2, 3, 4], [1, 2, 3, 4]]                                                                                                                                          V:  ([3], [3])
CM:  [[], [3], [1, 3], [2, 4], [2, 3, 4], [1, 2, 3, 4]]                                                                                                                                             V:  ([3], [3])
CM:  [[], [1], [1, 2], [3, 4], [1, 3, 4], [1, 2, 3, 4]]                                                                                                                                             V:  ([1], [1])
CM:  [[], [1], [3, 4], [1, 3, 4], [2, 3, 4], [1, 2, 3, 4]]                                                                                                                                          V:  ([1], [1])
CM:  [[], [2], [1, 2], [3, 4], [2, 3, 4], [1, 2, 3, 4]]                                                                                                                                             V:  ([2], [2])
CM:  [[], [2], [3, 4], [1, 3, 4], [2, 3, 4], [1, 2, 3, 4]]                                                                                                                                          V:  ([2], [2])
CM:  [[], [3], [1, 2], [3, 4], [1, 2, 3], [1, 2, 3, 4]]                                                                                                                                             V:  ([3], [3])
CM:  [[], [3], [1, 3], [3, 4], [1, 3, 4], [1, 2, 3, 4]]                                                                                                                                             V:  ([3], [3])
CM:  [[], [3], [3, 4], [1, 3, 4], [2, 3, 4], [1, 2, 3, 4]]                                                                                                                                          V:  ([3], [3])
CM:  [[], [3], [2, 3], [3, 4], [2, 3, 4], [1, 2, 3, 4]]                                                                                                                                             V:  ([3], [3])
CM:  [[], [4], [1, 2], [1, 2, 3], [1, 2, 4], [1, 2, 3, 4]]                                                                                                                                          V:  ([4], [4])
CM:  [[], [4], [1, 3], [1, 2, 3], [1, 3, 4], [1, 2, 3, 4]]                                                                                                                                          V:  ([4], [4])
CM:  [[], [1], [4], [1, 4], [1, 2, 3], [1, 2, 3, 4]]                                                                                                                                                V:  ([1], [1])
CM:  [[], [1], [4], [1, 4], [1, 2, 4], [1, 2, 3, 4]]                                                                                                                                                V:  ([1], [1])
CM:  [[], [1], [4], [1, 4], [1, 3, 4], [1, 2, 3, 4]]                                                                                                                                                V:  ([1], [1])
CM:  [[], [4], [1, 4], [1, 2, 4], [1, 3, 4], [1, 2, 3, 4]]                                                                                                                                          V:  ([4], [4])
CM:  [[], [1], [4], [1, 4], [2, 3, 4], [1, 2, 3, 4]]                                                                                                                                                V:  ([1], [1])
CM:  [[], [4], [2, 3], [1, 2, 3], [2, 3, 4], [1, 2, 3, 4]]                                                                                                                                          V:  ([4], [4])
CM:  [[], [4], [1, 4], [2, 3], [2, 3, 4], [1, 2, 3, 4]]                                                                                                                                             V:  ([4], [4])
CM:  [[], [4], [1, 3], [2, 4], [1, 3, 4], [1, 2, 3, 4]]                                                                                                                                             V:  ([4], [4])
CM:  [[], [4], [1, 4], [2, 4], [1, 2, 4], [1, 2, 3, 4]]                                                                                                                                             V:  ([4], [4])
CM:  [[], [2], [4], [2, 4], [1, 2, 3], [1, 2, 3, 4]]                                                                                                                                                V:  ([2], [2])
CM:  [[], [2], [4], [2, 4], [1, 2, 4], [1, 2, 3, 4]]                                                                                                                                                V:  ([2], [2])
CM:  [[], [2], [4], [2, 4], [1, 3, 4], [1, 2, 3, 4]]                                                                                                                                                V:  ([2], [2])
CM:  [[], [4], [2, 4], [1, 2, 4], [2, 3, 4], [1, 2, 3, 4]]                                                                                                                                          V:  ([4], [4])
CM:  [[], [2], [4], [2, 4], [2, 3, 4], [1, 2, 3, 4]]                                                                                                                                                V:  ([2], [2])
CM:  [[], [4], [1, 2], [3, 4], [1, 2, 4], [1, 2, 3, 4]]                                                                                                                                             V:  ([4], [4])
CM:  [[], [4], [1, 4], [3, 4], [1, 3, 4], [1, 2, 3, 4]]                                                                                                                                             V:  ([4], [4])
CM:  [[], [4], [3, 4], [1, 3, 4], [2, 3, 4], [1, 2, 3, 4]]                                                                                                                                          V:  ([4], [4])
CM:  [[], [4], [2, 4], [3, 4], [2, 3, 4], [1, 2, 3, 4]]                                                                                                                                             V:  ([4], [4])
CM:  [[], [3], [4], [3, 4], [1, 2, 3], [1, 2, 3, 4]]                                                                                                                                                V:  ([3], [3])
CM:  [[], [3], [4], [3, 4], [1, 2, 4], [1, 2, 3, 4]]                                                                                                                                                V:  ([3], [3])
CM:  [[], [3], [4], [3, 4], [1, 3, 4], [1, 2, 3, 4]]                                                                                                                                                V:  ([3], [3])
CM:  [[], [3], [4], [3, 4], [2, 3, 4], [1, 2, 3, 4]]                                                                                                                                                V:  ([3], [3])
CM:  [[], [1], [1, 2], [1, 3], [1, 2, 3], [1, 2, 4], [1, 2, 3, 4]]                                                                                                                                  V:  ([1], [1])
CM:  [[], [1], [1, 2], [1, 3], [1, 2, 3], [1, 3, 4], [1, 2, 3, 4]]                                                                                                                                  V:  ([1], [1])
CM:  [[], [1], [1, 2], [1, 4], [1, 2, 3], [1, 2, 4], [1, 2, 3, 4]]                                                                                                                                  V:  ([1], [1])
CM:  [[], [1], [1, 2], [1, 4], [1, 2, 4], [1, 3, 4], [1, 2, 3, 4]]                                                                                                                                  V:  ([1], [1])
CM:  [[], [1], [1, 3], [1, 4], [1, 2, 3], [1, 3, 4], [1, 2, 3, 4]]                                                                                                                                  V:  ([1], [1])
CM:  [[], [1], [1, 3], [1, 4], [1, 2, 4], [1, 3, 4], [1, 2, 3, 4]]                                                                                                                                  V:  ([1], [1])
CM:  [[], [1], [2], [1, 2], [1, 2, 3], [1, 2, 4], [1, 2, 3, 4]]                                                                                                                                     V:  ([1], [1])
CM:  [[], [1], [2], [1, 2], [1, 3], [1, 2, 3], [1, 2, 3, 4]]                                                                                                                                        V:  ([1], [1])
CM:  [[], [1], [2], [1, 2], [1, 4], [1, 2, 4], [1, 2, 3, 4]]                                                                                                                                        V:  ([1], [1])
CM:  [[], [1], [2], [1, 2], [2, 3], [1, 2, 3], [1, 2, 3, 4]]                                                                                                                                        V:  ([1], [1])
CM:  [[], [2], [1, 2], [2, 3], [1, 2, 3], [1, 2, 4], [1, 2, 3, 4]]                                                                                                                                  V:  ([2], [2])
CM:  [[], [2], [1, 2], [2, 3], [1, 2, 3], [2, 3, 4], [1, 2, 3, 4]]                                                                                                                                  V:  ([2], [2])
CM:  [[], [1], [2], [1, 2], [2, 4], [1, 2, 4], [1, 2, 3, 4]]                                                                                                                                        V:  ([1], [1])
CM:  [[], [2], [1, 2], [2, 4], [1, 2, 3], [1, 2, 4], [1, 2, 3, 4]]                                                                                                                                  V:  ([2], [2])
CM:  [[], [2], [1, 2], [2, 4], [1, 2, 4], [2, 3, 4], [1, 2, 3, 4]]                                                                                                                                  V:  ([2], [2])
CM:  [[], [2], [2, 3], [2, 4], [1, 2, 3], [2, 3, 4], [1, 2, 3, 4]]                                                                                                                                  V:  ([2], [2])
CM:  [[], [2], [2, 3], [2, 4], [1, 2, 4], [2, 3, 4], [1, 2, 3, 4]]                                                                                                                                  V:  ([2], [2])
CM:  [[], [1], [3], [1, 2], [1, 3], [1, 2, 3], [1, 2, 3, 4]]                                                                                                                                        V:  ([1], [1])
CM:  [[], [1], [3], [1, 3], [1, 2, 3], [1, 3, 4], [1, 2, 3, 4]]                                                                                                                                     V:  ([1], [1])
CM:  [[], [1], [3], [1, 3], [1, 4], [1, 3, 4], [1, 2, 3, 4]]                                                                                                                                        V:  ([1], [1])
CM:  [[], [1], [3], [1, 3], [2, 3], [1, 2, 3], [1, 2, 3, 4]]                                                                                                                                        V:  ([1], [1])
CM:  [[], [3], [1, 3], [2, 3], [1, 2, 3], [1, 3, 4], [1, 2, 3, 4]]                                                                                                                                  V:  ([3], [3])
CM:  [[], [2], [3], [1, 2], [2, 3], [1, 2, 3], [1, 2, 3, 4]]                                                                                                                                        V:  ([2], [2])
CM:  [[], [2], [3], [1, 3], [2, 3], [1, 2, 3], [1, 2, 3, 4]]                                                                                                                                        V:  ([2], [2])
CM:  [[], [3], [1, 3], [2, 3], [1, 2, 3], [2, 3, 4], [1, 2, 3, 4]]                                                                                                                                  V:  ([3], [3])
CM:  [[], [2], [3], [2, 3], [1, 2, 3], [2, 3, 4], [1, 2, 3, 4]]                                                                                                                                     V:  ([2], [2])
CM:  [[], [2], [3], [2, 3], [2, 4], [2, 3, 4], [1, 2, 3, 4]]                                                                                                                                        V:  ([2], [2])
CM:  [[], [1], [3], [1, 3], [3, 4], [1, 3, 4], [1, 2, 3, 4]]                                                                                                                                        V:  ([1], [1])
CM:  [[], [3], [1, 3], [3, 4], [1, 2, 3], [1, 3, 4], [1, 2, 3, 4]]                                                                                                                                  V:  ([3], [3])
CM:  [[], [3], [1, 3], [3, 4], [1, 3, 4], [2, 3, 4], [1, 2, 3, 4]]                                                                                                                                  V:  ([3], [3])
CM:  [[], [3], [2, 3], [3, 4], [1, 2, 3], [2, 3, 4], [1, 2, 3, 4]]                                                                                                                                  V:  ([3], [3])
CM:  [[], [3], [2, 3], [3, 4], [1, 3, 4], [2, 3, 4], [1, 2, 3, 4]]                                                                                                                                  V:  ([3], [3])
CM:  [[], [2], [3], [2, 3], [3, 4], [2, 3, 4], [1, 2, 3, 4]]                                                                                                                                        V:  ([2], [2])
CM:  [[], [1], [4], [1, 2], [1, 4], [1, 2, 4], [1, 2, 3, 4]]                                                                                                                                        V:  ([1], [1])
CM:  [[], [1], [4], [1, 4], [1, 2, 4], [1, 3, 4], [1, 2, 3, 4]]                                                                                                                                     V:  ([1], [1])
CM:  [[], [1], [4], [1, 3], [1, 4], [1, 3, 4], [1, 2, 3, 4]]                                                                                                                                        V:  ([1], [1])
CM:  [[], [1], [4], [1, 4], [2, 4], [1, 2, 4], [1, 2, 3, 4]]                                                                                                                                        V:  ([1], [1])
CM:  [[], [4], [1, 4], [2, 4], [1, 2, 4], [1, 3, 4], [1, 2, 3, 4]]                                                                                                                                  V:  ([4], [4])
CM:  [[], [2], [4], [1, 2], [2, 4], [1, 2, 4], [1, 2, 3, 4]]                                                                                                                                        V:  ([2], [2])
CM:  [[], [2], [4], [1, 4], [2, 4], [1, 2, 4], [1, 2, 3, 4]]                                                                                                                                        V:  ([2], [2])
CM:  [[], [4], [1, 4], [2, 4], [1, 2, 4], [2, 3, 4], [1, 2, 3, 4]]                                                                                                                                  V:  ([4], [4])
CM:  [[], [2], [4], [2, 4], [1, 2, 4], [2, 3, 4], [1, 2, 3, 4]]                                                                                                                                     V:  ([2], [2])
CM:  [[], [2], [4], [2, 3], [2, 4], [2, 3, 4], [1, 2, 3, 4]]                                                                                                                                        V:  ([2], [2])
CM:  [[], [1], [4], [1, 4], [3, 4], [1, 3, 4], [1, 2, 3, 4]]                                                                                                                                        V:  ([1], [1])
CM:  [[], [4], [1, 4], [3, 4], [1, 2, 4], [1, 3, 4], [1, 2, 3, 4]]                                                                                                                                  V:  ([4], [4])
CM:  [[], [4], [1, 4], [3, 4], [1, 3, 4], [2, 3, 4], [1, 2, 3, 4]]                                                                                                                                  V:  ([4], [4])
CM:  [[], [4], [2, 4], [3, 4], [1, 2, 4], [2, 3, 4], [1, 2, 3, 4]]                                                                                                                                  V:  ([4], [4])
CM:  [[], [4], [2, 4], [3, 4], [1, 3, 4], [2, 3, 4], [1, 2, 3, 4]]                                                                                                                                  V:  ([4], [4])
CM:  [[], [2], [4], [2, 4], [3, 4], [2, 3, 4], [1, 2, 3, 4]]                                                                                                                                        V:  ([2], [2])
CM:  [[], [3], [4], [1, 3], [3, 4], [1, 3, 4], [1, 2, 3, 4]]                                                                                                                                        V:  ([3], [3])
CM:  [[], [3], [4], [1, 4], [3, 4], [1, 3, 4], [1, 2, 3, 4]]                                                                                                                                        V:  ([3], [3])
CM:  [[], [3], [4], [3, 4], [1, 3, 4], [2, 3, 4], [1, 2, 3, 4]]                                                                                                                                     V:  ([3], [3])
CM:  [[], [3], [4], [2, 3], [3, 4], [2, 3, 4], [1, 2, 3, 4]]                                                                                                                                        V:  ([3], [3])
CM:  [[], [3], [4], [2, 4], [3, 4], [2, 3, 4], [1, 2, 3, 4]]                                                                                                                                        V:  ([3], [3])
CM:  [[], [1], [2], [3], [1, 2], [1, 3], [2, 3], [1, 2, 3]]                                                                                                                                         V:  ([1], [1])
CM:  [[], [1], [2], [1, 2], [1, 3], [1, 2, 3], [1, 2, 4], [1, 2, 3, 4]]                                                                                                                             V:  ([1], [1])
CM:  [[], [1], [2], [1, 2], [1, 3], [1, 2, 3], [1, 3, 4], [1, 2, 3, 4]]                                                                                                                             V:  ([1], [1])
CM:  [[], [1], [2], [1, 2], [1, 4], [1, 2, 3], [1, 2, 4], [1, 2, 3, 4]]                                                                                                                             V:  ([1], [1])
CM:  [[], [1], [2], [1, 2], [1, 4], [1, 2, 4], [1, 3, 4], [1, 2, 3, 4]]                                                                                                                             V:  ([1], [1])
CM:  [[], [1], [2], [1, 2], [2, 3], [1, 2, 3], [1, 2, 4], [1, 2, 3, 4]]                                                                                                                             V:  ([1], [1])
CM:  [[], [1], [2], [1, 2], [2, 3], [1, 2, 3], [2, 3, 4], [1, 2, 3, 4]]                                                                                                                             V:  ([1], [1])
CM:  [[], [1], [2], [1, 2], [2, 4], [1, 2, 3], [1, 2, 4], [1, 2, 3, 4]]                                                                                                                             V:  ([1], [1])
CM:  [[], [1], [2], [1, 2], [2, 4], [1, 2, 4], [2, 3, 4], [1, 2, 3, 4]]                                                                                                                             V:  ([1], [1])
CM:  [[], [1], [3], [1, 2], [1, 3], [1, 2, 3], [1, 2, 4], [1, 2, 3, 4]]                                                                                                                             V:  ([1], [1])
CM:  [[], [1], [3], [1, 2], [1, 3], [1, 2, 3], [1, 3, 4], [1, 2, 3, 4]]                                                                                                                             V:  ([1], [1])
CM:  [[], [1], [3], [1, 3], [1, 4], [1, 2, 3], [1, 3, 4], [1, 2, 3, 4]]                                                                                                                             V:  ([1], [1])
CM:  [[], [1], [3], [1, 3], [1, 4], [1, 2, 4], [1, 3, 4], [1, 2, 3, 4]]                                                                                                                             V:  ([1], [1])
CM:  [[], [1], [3], [1, 3], [2, 3], [1, 2, 3], [1, 3, 4], [1, 2, 3, 4]]                                                                                                                             V:  ([1], [1])
CM:  [[], [2], [3], [1, 2], [2, 3], [1, 2, 3], [1, 2, 4], [1, 2, 3, 4]]                                                                                                                             V:  ([2], [2])
CM:  [[], [2], [3], [1, 3], [2, 3], [1, 2, 3], [1, 3, 4], [1, 2, 3, 4]]                                                                                                                             V:  ([2], [2])
CM:  [[], [2], [3], [1, 4], [2, 3], [1, 2, 4], [1, 3, 4], [1, 2, 3, 4]]                                                                                                                             V:  ([2], [2])
CM:  [[], [1], [3], [1, 3], [2, 3], [1, 2, 3], [2, 3, 4], [1, 2, 3, 4]]                                                                                                                             V:  ([1], [1])
CM:  [[], [2], [3], [1, 2], [2, 3], [1, 2, 3], [2, 3, 4], [1, 2, 3, 4]]                                                                                                                             V:  ([2], [2])
CM:  [[], [2], [3], [1, 3], [2, 3], [1, 2, 3], [2, 3, 4], [1, 2, 3, 4]]                                                                                                                             V:  ([2], [2])
CM:  [[], [1], [3], [1, 3], [2, 4], [1, 2, 4], [2, 3, 4], [1, 2, 3, 4]]                                                                                                                             V:  ([1], [1])
CM:  [[], [2], [3], [2, 3], [2, 4], [1, 2, 3], [2, 3, 4], [1, 2, 3, 4]]                                                                                                                             V:  ([2], [2])
CM:  [[], [2], [3], [2, 3], [2, 4], [1, 2, 4], [2, 3, 4], [1, 2, 3, 4]]                                                                                                                             V:  ([2], [2])
CM:  [[], [1], [2], [1, 2], [3, 4], [1, 3, 4], [2, 3, 4], [1, 2, 3, 4]]                                                                                                                             V:  ([1], [1])
CM:  [[], [1], [3], [1, 3], [3, 4], [1, 2, 3], [1, 3, 4], [1, 2, 3, 4]]                                                                                                                             V:  ([1], [1])
CM:  [[], [1], [3], [1, 3], [3, 4], [1, 3, 4], [2, 3, 4], [1, 2, 3, 4]]                                                                                                                             V:  ([1], [1])
CM:  [[], [2], [3], [2, 3], [3, 4], [1, 2, 3], [2, 3, 4], [1, 2, 3, 4]]                                                                                                                             V:  ([2], [2])
CM:  [[], [2], [3], [2, 3], [3, 4], [1, 3, 4], [2, 3, 4], [1, 2, 3, 4]]                                                                                                                             V:  ([2], [2])
CM:  [[], [1], [4], [1, 2], [1, 4], [1, 2, 3], [1, 2, 4], [1, 2, 3, 4]]                                                                                                                             V:  ([1], [1])
CM:  [[], [1], [4], [1, 2], [1, 4], [1, 2, 4], [1, 3, 4], [1, 2, 3, 4]]                                                                                                                             V:  ([1], [1])
CM:  [[], [1], [4], [1, 3], [1, 4], [1, 2, 3], [1, 3, 4], [1, 2, 3, 4]]                                                                                                                             V:  ([1], [1])
CM:  [[], [1], [4], [1, 3], [1, 4], [1, 2, 4], [1, 3, 4], [1, 2, 3, 4]]                                                                                                                             V:  ([1], [1])
CM:  [[], [1], [4], [1, 4], [2, 3], [1, 2, 3], [2, 3, 4], [1, 2, 3, 4]]                                                                                                                             V:  ([1], [1])
CM:  [[], [1], [4], [1, 4], [2, 4], [1, 2, 4], [1, 3, 4], [1, 2, 3, 4]]                                                                                                                             V:  ([1], [1])
CM:  [[], [2], [4], [1, 2], [2, 4], [1, 2, 3], [1, 2, 4], [1, 2, 3, 4]]                                                                                                                             V:  ([2], [2])
CM:  [[], [2], [4], [1, 3], [2, 4], [1, 2, 3], [1, 3, 4], [1, 2, 3, 4]]                                                                                                                             V:  ([2], [2])
CM:  [[], [2], [4], [1, 4], [2, 4], [1, 2, 4], [1, 3, 4], [1, 2, 3, 4]]                                                                                                                             V:  ([2], [2])
CM:  [[], [1], [4], [1, 4], [2, 4], [1, 2, 4], [2, 3, 4], [1, 2, 3, 4]]                                                                                                                             V:  ([1], [1])
CM:  [[], [2], [4], [1, 2], [2, 4], [1, 2, 4], [2, 3, 4], [1, 2, 3, 4]]                                                                                                                             V:  ([2], [2])
CM:  [[], [2], [4], [1, 4], [2, 4], [1, 2, 4], [2, 3, 4], [1, 2, 3, 4]]                                                                                                                             V:  ([2], [2])
CM:  [[], [2], [4], [2, 3], [2, 4], [1, 2, 3], [2, 3, 4], [1, 2, 3, 4]]                                                                                                                             V:  ([2], [2])
CM:  [[], [2], [4], [2, 3], [2, 4], [1, 2, 4], [2, 3, 4], [1, 2, 3, 4]]                                                                                                                             V:  ([2], [2])
CM:  [[], [1], [4], [1, 4], [3, 4], [1, 2, 4], [1, 3, 4], [1, 2, 3, 4]]                                                                                                                             V:  ([1], [1])
CM:  [[], [1], [4], [1, 4], [3, 4], [1, 3, 4], [2, 3, 4], [1, 2, 3, 4]]                                                                                                                             V:  ([1], [1])
CM:  [[], [2], [4], [2, 4], [3, 4], [1, 2, 4], [2, 3, 4], [1, 2, 3, 4]]                                                                                                                             V:  ([2], [2])
CM:  [[], [2], [4], [2, 4], [3, 4], [1, 3, 4], [2, 3, 4], [1, 2, 3, 4]]                                                                                                                             V:  ([2], [2])
CM:  [[], [3], [4], [1, 2], [3, 4], [1, 2, 3], [1, 2, 4], [1, 2, 3, 4]]                                                                                                                             V:  ([3], [3])
CM:  [[], [3], [4], [1, 3], [3, 4], [1, 2, 3], [1, 3, 4], [1, 2, 3, 4]]                                                                                                                             V:  ([3], [3])
CM:  [[], [3], [4], [1, 4], [3, 4], [1, 2, 4], [1, 3, 4], [1, 2, 3, 4]]                                                                                                                             V:  ([3], [3])
CM:  [[], [3], [4], [1, 3], [3, 4], [1, 3, 4], [2, 3, 4], [1, 2, 3, 4]]                                                                                                                             V:  ([3], [3])
CM:  [[], [3], [4], [1, 4], [3, 4], [1, 3, 4], [2, 3, 4], [1, 2, 3, 4]]                                                                                                                             V:  ([3], [3])
CM:  [[], [3], [4], [2, 3], [3, 4], [1, 2, 3], [2, 3, 4], [1, 2, 3, 4]]                                                                                                                             V:  ([3], [3])
CM:  [[], [3], [4], [2, 3], [3, 4], [1, 3, 4], [2, 3, 4], [1, 2, 3, 4]]                                                                                                                             V:  ([3], [3])
CM:  [[], [3], [4], [2, 4], [3, 4], [1, 2, 4], [2, 3, 4], [1, 2, 3, 4]]                                                                                                                             V:  ([3], [3])
CM:  [[], [3], [4], [2, 4], [3, 4], [1, 3, 4], [2, 3, 4], [1, 2, 3, 4]]                                                                                                                             V:  ([3], [3])
CM:  [[], [1], [1, 2], [1, 3], [1, 4], [1, 2, 3], [1, 2, 4], [1, 3, 4], [1, 2, 3, 4]]                                                                                                               V:  ([1], [1])
CM:  [[], [1], [2], [1, 2], [1, 4], [2, 3], [1, 2, 3], [1, 2, 4], [1, 2, 3, 4]]                                                                                                                     V:  ([1], [1])
CM:  [[], [1], [2], [1, 2], [1, 3], [2, 4], [1, 2, 3], [1, 2, 4], [1, 2, 3, 4]]                                                                                                                     V:  ([1], [1])
CM:  [[], [2], [1, 2], [2, 3], [2, 4], [1, 2, 3], [1, 2, 4], [2, 3, 4], [1, 2, 3, 4]]                                                                                                               V:  ([2], [2])
CM:  [[], [1], [3], [1, 3], [1, 4], [2, 3], [1, 2, 3], [1, 3, 4], [1, 2, 3, 4]]                                                                                                                     V:  ([1], [1])
CM:  [[], [1], [2], [3], [1, 2], [1, 3], [2, 3], [1, 2, 3], [1, 2, 3, 4]]                                                                                                                           V:  ([1], [1])
CM:  [[], [2], [3], [1, 3], [2, 3], [2, 4], [1, 2, 3], [2, 3, 4], [1, 2, 3, 4]]                                                                                                                     V:  ([2], [2])
CM:  [[], [1], [3], [1, 2], [1, 3], [3, 4], [1, 2, 3], [1, 3, 4], [1, 2, 3, 4]]                                                                                                                     V:  ([1], [1])
CM:  [[], [3], [1, 3], [2, 3], [3, 4], [1, 2, 3], [1, 3, 4], [2, 3, 4], [1, 2, 3, 4]]                                                                                                               V:  ([3], [3])
CM:  [[], [2], [3], [1, 2], [2, 3], [3, 4], [1, 2, 3], [2, 3, 4], [1, 2, 3, 4]]                                                                                                                     V:  ([2], [2])
CM:  [[], [1], [4], [1, 3], [1, 4], [2, 4], [1, 2, 4], [1, 3, 4], [1, 2, 3, 4]]                                                                                                                     V:  ([1], [1])
CM:  [[], [1], [2], [4], [1, 2], [1, 4], [2, 4], [1, 2, 4], [1, 2, 3, 4]]                                                                                                                           V:  ([1], [1])
CM:  [[], [2], [4], [1, 4], [2, 3], [2, 4], [1, 2, 4], [2, 3, 4], [1, 2, 3, 4]]                                                                                                                     V:  ([2], [2])
CM:  [[], [1], [4], [1, 2], [1, 4], [3, 4], [1, 2, 4], [1, 3, 4], [1, 2, 3, 4]]                                                                                                                     V:  ([1], [1])
CM:  [[], [4], [1, 4], [2, 4], [3, 4], [1, 2, 4], [1, 3, 4], [2, 3, 4], [1, 2, 3, 4]]                                                                                                               V:  ([4], [4])
CM:  [[], [2], [4], [1, 2], [2, 4], [3, 4], [1, 2, 4], [2, 3, 4], [1, 2, 3, 4]]                                                                                                                     V:  ([2], [2])
CM:  [[], [1], [3], [4], [1, 3], [1, 4], [3, 4], [1, 3, 4], [1, 2, 3, 4]]                                                                                                                           V:  ([1], [1])
CM:  [[], [3], [4], [1, 4], [2, 3], [3, 4], [1, 3, 4], [2, 3, 4], [1, 2, 3, 4]]                                                                                                                     V:  ([3], [3])
CM:  [[], [3], [4], [1, 3], [2, 4], [3, 4], [1, 3, 4], [2, 3, 4], [1, 2, 3, 4]]                                                                                                                     V:  ([3], [3])
CM:  [[], [2], [3], [4], [2, 3], [2, 4], [3, 4], [2, 3, 4], [1, 2, 3, 4]]                                                                                                                           V:  ([2], [2])
CM:  [[], [1], [2], [1, 2], [1, 3], [1, 4], [1, 2, 3], [1, 2, 4], [1, 3, 4], [1, 2, 3, 4]]                                                                                                          V:  ([1], [1])
CM:  [[], [1], [2], [1, 2], [2, 3], [2, 4], [1, 2, 3], [1, 2, 4], [2, 3, 4], [1, 2, 3, 4]]                                                                                                          V:  ([1], [1])
CM:  [[], [1], [3], [1, 2], [1, 3], [1, 4], [1, 2, 3], [1, 2, 4], [1, 3, 4], [1, 2, 3, 4]]                                                                                                          V:  ([1], [1])
CM:  [[], [1], [2], [3], [1, 2], [1, 3], [2, 3], [1, 2, 3], [1, 2, 4], [1, 2, 3, 4]]                                                                                                                V:  ([1], [1])
CM:  [[], [1], [2], [3], [1, 2], [1, 3], [2, 3], [1, 2, 3], [1, 3, 4], [1, 2, 3, 4]]                                                                                                                V:  ([1], [1])
CM:  [[], [1], [2], [3], [1, 2], [1, 3], [2, 3], [1, 2, 3], [2, 3, 4], [1, 2, 3, 4]]                                                                                                                V:  ([1], [1])
CM:  [[], [2], [3], [1, 2], [2, 3], [2, 4], [1, 2, 3], [1, 2, 4], [2, 3, 4], [1, 2, 3, 4]]                                                                                                          V:  ([2], [2])
CM:  [[], [1], [3], [1, 3], [2, 3], [3, 4], [1, 2, 3], [1, 3, 4], [2, 3, 4], [1, 2, 3, 4]]                                                                                                          V:  ([1], [1])
CM:  [[], [2], [3], [1, 3], [2, 3], [3, 4], [1, 2, 3], [1, 3, 4], [2, 3, 4], [1, 2, 3, 4]]                                                                                                          V:  ([2], [2])
CM:  [[], [1], [4], [1, 2], [1, 3], [1, 4], [1, 2, 3], [1, 2, 4], [1, 3, 4], [1, 2, 3, 4]]                                                                                                          V:  ([1], [1])
CM:  [[], [1], [2], [4], [1, 2], [1, 4], [2, 4], [1, 2, 3], [1, 2, 4], [1, 2, 3, 4]]                                                                                                                V:  ([1], [1])
CM:  [[], [1], [2], [4], [1, 2], [1, 4], [2, 4], [1, 2, 4], [1, 3, 4], [1, 2, 3, 4]]                                                                                                                V:  ([1], [1])
CM:  [[], [1], [2], [4], [1, 2], [1, 4], [2, 4], [1, 2, 4], [2, 3, 4], [1, 2, 3, 4]]                                                                                                                V:  ([1], [1])
CM:  [[], [2], [4], [1, 2], [2, 3], [2, 4], [1, 2, 3], [1, 2, 4], [2, 3, 4], [1, 2, 3, 4]]                                                                                                          V:  ([2], [2])
CM:  [[], [1], [4], [1, 4], [2, 4], [3, 4], [1, 2, 4], [1, 3, 4], [2, 3, 4], [1, 2, 3, 4]]                                                                                                          V:  ([1], [1])
CM:  [[], [2], [4], [1, 4], [2, 4], [3, 4], [1, 2, 4], [1, 3, 4], [2, 3, 4], [1, 2, 3, 4]]                                                                                                          V:  ([2], [2])
CM:  [[], [1], [3], [4], [1, 3], [1, 4], [3, 4], [1, 2, 3], [1, 3, 4], [1, 2, 3, 4]]                                                                                                                V:  ([1], [1])
CM:  [[], [1], [3], [4], [1, 3], [1, 4], [3, 4], [1, 2, 4], [1, 3, 4], [1, 2, 3, 4]]                                                                                                                V:  ([1], [1])
CM:  [[], [1], [3], [4], [1, 3], [1, 4], [3, 4], [1, 3, 4], [2, 3, 4], [1, 2, 3, 4]]                                                                                                                V:  ([1], [1])
CM:  [[], [3], [4], [1, 3], [2, 3], [3, 4], [1, 2, 3], [1, 3, 4], [2, 3, 4], [1, 2, 3, 4]]                                                                                                          V:  ([3], [3])
CM:  [[], [3], [4], [1, 4], [2, 4], [3, 4], [1, 2, 4], [1, 3, 4], [2, 3, 4], [1, 2, 3, 4]]                                                                                                          V:  ([3], [3])
CM:  [[], [2], [3], [4], [2, 3], [2, 4], [3, 4], [1, 2, 3], [2, 3, 4], [1, 2, 3, 4]]                                                                                                                V:  ([2], [2])
CM:  [[], [2], [3], [4], [2, 3], [2, 4], [3, 4], [1, 2, 4], [2, 3, 4], [1, 2, 3, 4]]                                                                                                                V:  ([2], [2])
CM:  [[], [2], [3], [4], [2, 3], [2, 4], [3, 4], [1, 3, 4], [2, 3, 4], [1, 2, 3, 4]]                                                                                                                V:  ([2], [2])
CM:  [[], [1], [2], [3], [1, 2], [1, 3], [1, 4], [2, 3], [1, 2, 3], [1, 2, 4], [1, 3, 4], [1, 2, 3, 4]]                                                                                             V:  ([1], [1])
CM:  [[], [1], [2], [3], [1, 2], [1, 3], [2, 3], [2, 4], [1, 2, 3], [1, 2, 4], [2, 3, 4], [1, 2, 3, 4]]                                                                                             V:  ([1], [1])
CM:  [[], [1], [2], [3], [1, 2], [1, 3], [2, 3], [3, 4], [1, 2, 3], [1, 3, 4], [2, 3, 4], [1, 2, 3, 4]]                                                                                             V:  ([1], [1])
CM:  [[], [1], [2], [4], [1, 2], [1, 3], [1, 4], [2, 4], [1, 2, 3], [1, 2, 4], [1, 3, 4], [1, 2, 3, 4]]                                                                                             V:  ([1], [1])
CM:  [[], [1], [2], [4], [1, 2], [1, 4], [2, 3], [2, 4], [1, 2, 3], [1, 2, 4], [2, 3, 4], [1, 2, 3, 4]]                                                                                             V:  ([1], [1])
CM:  [[], [1], [2], [4], [1, 2], [1, 4], [2, 4], [3, 4], [1, 2, 4], [1, 3, 4], [2, 3, 4], [1, 2, 3, 4]]                                                                                             V:  ([1], [1])
CM:  [[], [1], [3], [4], [1, 2], [1, 3], [1, 4], [3, 4], [1, 2, 3], [1, 2, 4], [1, 3, 4], [1, 2, 3, 4]]                                                                                             V:  ([1], [1])
CM:  [[], [1], [3], [4], [1, 3], [1, 4], [2, 3], [3, 4], [1, 2, 3], [1, 3, 4], [2, 3, 4], [1, 2, 3, 4]]                                                                                             V:  ([1], [1])
CM:  [[], [1], [3], [4], [1, 3], [1, 4], [2, 4], [3, 4], [1, 2, 4], [1, 3, 4], [2, 3, 4], [1, 2, 3, 4]]                                                                                             V:  ([1], [1])
CM:  [[], [2], [3], [4], [1, 2], [2, 3], [2, 4], [3, 4], [1, 2, 3], [1, 2, 4], [2, 3, 4], [1, 2, 3, 4]]                                                                                             V:  ([2], [2])
CM:  [[], [2], [3], [4], [1, 3], [2, 3], [2, 4], [3, 4], [1, 2, 3], [1, 3, 4], [2, 3, 4], [1, 2, 3, 4]]                                                                                             V:  ([2], [2])
CM:  [[], [2], [3], [4], [1, 4], [2, 3], [2, 4], [3, 4], [1, 2, 4], [1, 3, 4], [2, 3, 4], [1, 2, 3, 4]]                                                                                             V:  ([2], [2])
CM:  [[], [1], [2], [3], [4], [1, 2], [1, 3], [1, 4], [2, 3], [2, 4], [3, 4], [1, 2, 3], [1, 2, 4], [1, 3, 4], [2, 3, 4], [1, 2, 3, 4]]                                                             V:  ([1], [1])
